00000000000100000000000000000000 00000000000000000000000000000000 00000000000011111111111111111111 11111111111111111111111111111111 00000000000000000000000001001101
00000000000100000000000000000000 00000000000100000000000000000000 00000000000101101010000010011110 00000000000000000000000000010110 00000000010001110111110011000001
00000000000100000000000000000000 00000000001000000000000000000000 00000000001000111100011011101111 11111111111111111111111111111111 00000000011001001100011101101001
11111111111111111111111111111111 00000000001000000000000000000000 00000000001000111100011011101111 00000000000000000000000001100010 00000000101110010010110100000000
11111111111111111111111111111111 00000000000000000000000000000000 00000000000000101011111011000110 00000000000011111100001101000010 00000000100111101010110000011001
11111111111111111111111111111111 11111111111111111111111111111111 00000000000101101010000010011110 00000000000000000000000000010110 11111111111111111111111111111111
00000000000100000000000000000000 11111111111111111111111111111111 00000000000101101010000010011110 00000000000000000000000000010110 11111111111111111111111111111111
00000000000000000000000000000000 11111111111111111111111111111111 00000000000011111111111111111111 11111111111111111111111111111111 11111111111111111111111111111111
00000000001100000000000000000000 11111111111111111111111111111111 00000000010011111111111111111111 00000000000000000000000001000011 11111111111111111111111111111111
11111111111111111111111111111111 00000000001000000000000000000000 00000000001110011011000001010110 11111111111111111111111111111111 00000000111010000110111111001110
