00000000000100000000000000000000 00000000000100000000000000000000 00000000000100000000000000000000 11111111111111111111111111111111 00000000010110110000011100011100
00000000001000000000000000000000 00000000000100000000000000000000 00000000001000000000000000000000 11111111111111111111111111111111 00000000001011011000010001000100
00000000001000000000000000000000 11111111111111111111111111111111 00000000001000000000000000000000 11111111111111111111111111111111 11111111111111111111111111111111
11111111111111111111111111111111 11111111111111111111111111111111 00000000000100000000000000000000 11111111111111111111111111111111 11111111111111111111111111111111
11111111111111111111111111111111 00000000000100000000000000000000 00000000000100000000000000000000 11111111111111111111111111111111 00000000111010100000000101010001
11111111111111111111111111111111 00000000010000000000000000000000 00000000010000000000000000000000 11111111111111111111111111111111 00000000101001011011110100001101
00000000001000000000000000000000 00000000010000000000000000000000 00000000001000000000000000000000 00000000000000000000000010000000 00000000101101100000100111110100
11111111111111111111111111111111 00000000000100000000000000000000 00000000000100000000000000000000 00000000000000000000000001000000 00000001010001010000010000101001
11111111111111111111111111111111 00000000101000000000000000000000 00000000101000000000000000000000 11111111111111111111111111111111 00000000101000010010111011010100
00000000010000000000000000000000 11111111111111111111111111111111 00000000010000000000000000000000 11111111111111111111111111111111 11111111111111111111111111111111
