00000000000100000000000000000000 00000000000000000000000000000000 00100000000000000000000000000000 00000000000000000000000000001101 00000000000011111111111111111111 00000000000000000001000101000000
00000000000100000000000000000000 00000000000000000000000000000000 00010000000000000000000000000000 00000000000010110101000001011010 00000000000010110101000001000100 00000000000000000001010000000011
00000000000100000000000000000000 00000000000000000000000000000000 00010101010101010101010101010101 00000000000010000000000000101000 00000000000011011101101100100101 00000000000000000011110000110010
00000000000100000000000000000000 00000000000000000000000000000000 00001010101010101010101010101010 00000000000011011101101100100101 00000000000010000000000000101000 11111111111111111111111111111111
00000000000100000000000000000000 00000000000000000000000000000000 00101010101010101010101010101010 11111111111111111111111111111111 00000000000011011101101100100101 11111111111111111111111111111111
00000000000100000000000000000000 00000000000000000000000000000000 00110101010101010101010101010101 11111111111111111111111111111111 00000000000010000000000000101000 00000000000000000011110000110010
00000000000100000000000000000000 00000000000000000000000000000000 00101110111011101110111011101110 11111111111111111111111111111111 00000000000010111110001111011000 11111111111111111111111111111111
00000000000100000000000000000000 00000000000000000000000000000000 01010101010101010101010101010101 11111111111111111111111111111111 00000000000011011101101100100101 11111111111111111111111111111111
00000000000100000000000000000000 00000000000000000000000000000000 01001011011000001011011000001011 11111111111111111111111111111111 00000000000010000111101010110111 00000000000000000100000000101011
00000000000100000000000000000000 00000000000000000000000000000000 01000101010101010101010101010101 11111111111111111111111111111111 00000000000001000010010000010000 11111111111111111111111111111111
00000000000100000000000000000000 00000000000000000000000000000000 01110101010101010101010101010101 00000000000011011101101100100101 00000000000010000000000000101000 11111111111111111111111111111111
00000000000100000000000000000000 00000000000000000000000000000000 01100101010101010101010101010101 00000000000001000010010000010000 00000000000011110111010001110010 11111111111111111111111111111111
00000000001000000000000000000000 00000000000100000000000000000000 00010000000000000000000000000000 00000000000010110101000001110000 00000000001000011111000011100010 00000000000000000001010000000011
00000000001000000000000000000000 00000000000100000000000000000000 00011010101010101010101010101010 11111111111111111111111111111111 00000000001000110000110011110101 11111111111111111111111111111111
00000000001000000000000000000000 00000000000100000000000000000000 01001010101010101010101010101010 11111111111111111111111111111111 00000000000000100010010100101100 00000000000000000011110000110010
00000000001000000000000000000000 00000000000100000000000000000000 01101010101010101010101010101010 00000000000000100010010100101100 00000000001000111011011001110100 00000000000000000011110000110010
11111111111111111111111111111111 00000000001000000000000000000000 00010101010101010101010101010101 11111111111111111111111111111111 00000000000000100010010100101100 00000000000000000011110000110010
11111111111111111111111111111111 00000000001000000000000000000000 00101010101010101010101010101010 11111111111111111111111111111111 11111111111111111111111111111111 11111111111111111111111111111111
11111111111111111111111111111111 00000000001000000000000000000000 01011000111000111000111000111000 11111111111111111111111111111111 11111111111111111111111111111111 00000000000000000011110110101001
11111111111111111111111111111111 00000000001000000000000000000000 01111000111000111000111000111000 11111111111111111111111111111111 00000000000110001001100101011010 00000000000000000011110110101001
