00000000000100000000000000000000 00000000000000000000000000000000 00100000000000000000000000000000 00000000000100000000000000000000 00000000000110010010000111000000 00000000000000000100101110001010
00000000000100000000000000000000 00000000000000000000000000000000 00010101010101010101010101010101 00000000000100000000000000000000 00000000000100001100000101000000 00000000000000000001011100110010
00000000000100000000000000000000 00000000000000000000000000000000 00000011100011100011100011100011 00000000000100000000000000000000 00000000000000101100101011000000 00000000000000000010110010011100
00000000000100000000000000000000 00000000000000000000000000000000 00110101010101010101010101010101 00000000000000000000000000000000 00000000000100000000000000000000 00000000000000000001011100110010
00000000000100000000000000000000 00000000000000000000000000000000 01000101010101010101010101010101 00000000000000000000000000000000 00000000000100000000000000000000 11111111111111111111111111111111
00000000000100000000000000000000 00000000000000000000000000000000 01010000000000000000000000000000 00000000000000000000000000000000 00000000000100000000000000000000 00000000000000000100111010000011
00000000000100000000000000000000 00000000000000000000000000000000 01110000000000000000000000000000 00000000000100000000000000000000 00000000000011001001000011000000 00000000000000000100111010000011
00000000000100000000000000000000 00000000000000000000000000000000 01100000000000000000000000000000 00000000000100000000000000000000 00000000000110010010000111000000 00000000000000000100101110001010
00000000000100000000000000000000 00000000000000000000000000000000 01000000000000000000000000000000 00000000000000000000000000000000 00000000000100000000000000000000 00000000000000000100101110001010
00000000000100000000000000000000 00000000000000000000000000000000 00010010110110000010110110000010 00000000000100000000000000000000 00000000000011101100110011000000 00000000000000000011000100000011
00000000000100000000000000000000 00000000000000000000000000000000 01101110001110001110001110001110 00000000000100000000000000000000 00000000000011011111011001000000 00000000000000000011110000010011
00000000000100000000000000000000 00000000000000000000000000000000 01011000111000111000111000111000 00000000000000000000000000000000 00000000000100000000000000000000 00000000000000000000011110111011
00000000000100000000000000000000 00000000001000000000000000000000 00010000000000000000000000000000 00000000000100000000000000000000 00000000001011001001000011000000 00000000000000000100111010000011
00000000000100000000000000000000 00000000001000000000000000000000 00100000000000000000000000000000 00000000000100000000000000000000 00000000001110010010000111000000 00000000000000000100101110001010
00000000000100000000000000000000 00000000001000000000000000000000 00110101010101010101010101010101 11111111111111111111111111111111 11111111111111111111111111111111 00000000000000000001011100110010
00000000000100000000000000000000 00000000001000000000000000000000 01001010101010101010101010101010 11111111111111111111111111111111 11111111111111111111111111111111 00000000000000000001011100110010
00000000000100000000000000000000 00000000001000000000000000000000 01110000000000000000000000000000 00000000000100000000000000000000 00000000001011001001000011000000 00000000000000000100111010000011
00000000001000000000000000000000 00000000000100000000000000000000 00001010101010101010101010101010 00000000001000000000000000000000 00000000001000001100000110000000 11111111111111111111111111111111
00000000001000000000000000000000 00000000000100000000000000000000 00101010101010101010101010101010 11111111111111111111111111111111 00000000000101111001111101000000 11111111111111111111111111111111
00000000001000000000000000000000 00000000000100000000000000000000 01100000000000000000000000000000 00000000001000000000000000000000 00000000010000100100001110000000 00000000000000000100101110001010
